108.17224880382776 0.0
4.638975770555625 -4.741447891084649
-6.515724956322352 -2.110867374261906
-2.5916016169364866 11.728373965818205
3.560182441941047 2.2163205158585217
4.748570102803902 4.1246495303773845
-0.3180515599753274 5.318764558435306
5.418776203074348 0.5495025749784522
-0.16951625062423584 1.9107331179532756
-2.6841617304196963 1.0076248235485126
1.2589023455691224 4.270258162186246
-4.977577141107852 1.4832976094077475
-1.0556771501507585 1.4312454171884403
-0.19611460945224538 4.034661340830368
-0.696710555001362 -1.792828929934726
0.4756456327726601 2.1620947510616317
-1.2544578197599754 0.2821792293288163
1.3289964710751465 -1.7164750244369487
-2.0449876123730784 1.8981908952047168
0.3868397915462395 -0.7176127473474098
1.3763833144925433 1.3949284760759104
-1.547003398607593 0.5339010567642707
1.8412036683209072 1.562057164636423
-0.7418028465332017 0.8187603413679411
-0.7994767388796313 -0.1288264705458853
-0.5905196677764728 1.5896625220494083
-0.1616100969484775 -0.6160841560674483
-0.5121826419625588 1.3976857952836927
-0.9174902193051138 1.201919832114636
0.6136390553304888 0.276402364238422
-1.4851291579312296 0.40116702191308395
-0.09005303357155688 0.027425619548942883
-0.14394334135125758 0.13379729534310214
-0.9496346825281992 -0.5931050542640344
-0.24868307055866387 1.1677898133755287
-0.6184806611083462 -0.0956426024673255
0.26730768101503943 -0.7619215499686507
0.6763736002232552 1.0260392982117668
1.1303525339428129 0.5663499249325241
-0.7668352814839051 0.7931216632236447
-0.884389243876186 0.10545224160368089
0.37512097444047804 0.20751912247760357
-0.986018999772061 0.6303535382495201
-0.904649088255449 0.5568082985030791
-0.3638075387960644 0.5234365791119194
-0.3247703426545384 -0.26613863658901765
-0.6591408365575672 0.7702299415245754
-0.6216224163087481 -0.39761658524617505
0.4414268324037711 -0.4865353915759314
-0.843687062732787 0.7721796036449313
-0.15302464623501605 0.14705712289100775
-0.06026158059628628 -0.07136554395657889
-0.37883105971336123 0.16684468411238082
0.34957493163145875 0.48428149564973355
-0.46420867959967355 -0.47802167590872097
-0.10120922897877976 -0.23823334369275684
-0.4521129567219744 0.5591067710526287
-0.47103607647722806 -0.7546683876516805
-0.35103262334450747 0.3882343934675651
-0.3759233894423353 0.2563936968087269
0.1486168578860517 -0.14128126526484894
-0.27156405804254746 0.07634121230356317
0.06728267576578349 -0.046424163129427466
-0.13983365614832308 -0.03477211471982624
-0.3347867533841673 -0.7332937331483079
-0.004778295393015201 0.46431317626008506
-0.16806961681789917 0.18696707613505525
-0.3643754735531346 -0.017978424671101487
-0.2583880821442594 0.647810468324858
0.08370278471972628 -0.0622214547045675
-0.23161057191094345 0.02364656297967228
-0.3401699134619851 0.1636983739536829
0.24623699868348783 -0.009936057819539807
-0.3513223076673648 0.24419554030381754
-0.30935742384328563 0.38847490365907883
0.011267018991241433 0.4425028829160285
-0.28734994226785954 0.04361494222395835
-0.4090058047566232 0.28617333943952833
-0.060328467464827965 -0.16179299749512746
-0.13410714228581436 -0.04009176420316855
-0.5009978771089788 0.07231682073482652
-0.045475368181918066 0.4359167521886983
-0.3850797160716871 0.1792223593552113
-0.3195746020575956 0.027877804614671403
0.09760313744657259 0.5391940018911006
-0.07194751769434225 -0.3754624027402608
-0.25192776493468483 0.016928760483302132
-0.05947321445651873 0.022191525231336388
-0.24833627796131968 -0.2936203221146979
-0.19636117590792138 0.022045819724442337
-0.10722891694470726 0.20312363867427194
0.22297926013168193 0.16459142839635868
-0.01181845400304334 -0.12733717188305568
0.08604545557004191 0.19225581559901445
0.41296673769984643 -0.17226080759007326
-0.18703597181574186 -0.3456640573037427
-0.1365164738319444 0.29116178609330734
0.09438375143033488 -0.049559361210334954
-0.32997361837569483 0.007869083814946184
-0.25514232474242 0.5401440843042762
0.03951773308767593 -0.06327479266369769
-0.09168101649695176 -0.25003529488557175
-0.14115459637577324 0.2792453158348871
0.1349278824638494 0.10704908208540664
-0.6420020400948089 -0.043409013920414845
-0.6420020400948082 0.04340901392026151
0.13492788246405502 -0.10704908208527521
-0.1411545963757851 -0.2792453158349702
-0.09168101649678449 0.2500352948857052
0.0395177330875704 0.06327479266390905
-0.2551423247424879 -0.5401440843040379
-0.3299736183760185 -0.007869083814927263
0.09438375143077699 0.049559361210248565
-0.13651647383184293 -0.29116178609320337
-0.18703597181580917 0.3456640573040359
0.4129667377000068 0.17226080759036266
0.08604545557015628 -0.19225581559917118
-0.011818454002891034 0.12733717188299043
0.2229792601320929 -0.16459142839580856
-0.10722891694468266 -0.2031236386743163
-0.19636117590762003 -0.02204581972483317
-0.24833627796138924 0.29362032211475547
-0.059473214456502686 -0.0221915252314481
-0.2519277649343569 -0.016928760483570508
-0.07194751769408973 0.3754624027404396
0.09760313744638002 -0.5391940018910877
-0.3195746020577235 -0.02787780461517028
-0.38507971607168384 -0.17922235935527556
-0.04547536818196294 -0.43591675218845827
-0.5009978771090383 -0.07231682073487943
-0.13410714228611892 0.04009176420327028
-0.060328467464524846 0.1617929974953522
-0.4090058047565582 -0.28617333943948425
-0.28734994226790156 -0.043614942224057006
0.011267018991174934 -0.44250288291577916
-0.3093574238432119 -0.38847490365928894
-0.35132230766757466 -0.2441955403037078
0.24623699868326795 0.009936057819691842
-0.34016991346210945 -0.16369837395355283
-0.23161057191090892 -0.02364656297965406
0.08370278471952176 0.06222145470489305
-0.2583880821449231 -0.6478104683251474
-0.36437547355307554 0.017978424671118483
-0.16806961681824253 -0.1869670761352757
-0.004778295392937177 -0.46431317625959084
-0.3347867533841612 0.7332937331482543
-0.13983365614852547 0.03477211471968698
0.06728267576593111 0.046424163129421075
-0.2715640580423174 -0.07634121230382114
0.1486168578864886 0.1412812652653071
-0.37592338944241477 -0.2563936968084157
-0.3510326233443203 -0.38823439346757077
-0.4710360764774282 0.7546683876518184
-0.45211295672195195 -0.5591067710527299
-0.1012092289786409 0.23823334369302487
-0.4642086795996028 0.47802167590855044
0.3495749316313221 -0.4842814956499674
-0.37883105971336317 -0.16684468411240658
-0.06026158059645779 0.07136554395658379
-0.15302464623506684 -0.14705712289099893
-0.8436870627325562 -0.7721796036444012
0.44142683240383407 0.48653539157589915
-0.6216224163086461 0.39761658524638543
-0.6591408365574613 -0.7702299415245718
-0.32477034265453025 0.2661386365889835
-0.36380753879586275 -0.5234365791118574
-0.9046490882554182 -0.5568082985033309
-0.9860189997723778 -0.6303535382495062
0.37512097444073617 -0.2075191224774049
-0.8843892438760479 -0.10545224160355203
-0.7668352814837297 -0.7931216632239322
1.1303525339430995 -0.5663499249324951
0.6763736002232088 -1.0260392982117696
0.26730768101470015 0.7619215499688331
-0.6184806611086506 0.09564260246685416
-0.24868307055852945 -1.1677898133757278
-0.9496346825283272 0.5931050542636611
-0.14394334135133258 -0.13379729534287796
-0.09005303357160882 -0.02742561954917651
-1.4851291579310721 -0.4011670219129103
0.6136390553306976 -0.2764023642387161
-0.9174902193051214 -1.2019198321149194
-0.5121826419620606 -1.3976857952837438
-0.1616100969487915 0.6160841560675042
-0.590519667776485 -1.589662522049497
-0.7994767388793909 0.12882647054583915
-0.7418028465328681 -0.8187603413676677
1.8412036683204833 -1.5620571646367372
-1.5470033986082146 -0.5339010567644715
1.3763833144920996 -1.3949284760761447
0.3868397915464523 0.7176127473474646
-2.0449876123729807 -1.8981908952046072
1.3289964710748619 1.7164750244372644
-1.2544578197593144 -0.2821792293290279
0.4756456327727885 -2.1620947510609922
-0.6967105550013802 1.7928289299348508
-0.19611460945233783 -4.0346613408303815
-1.0556771501499673 -1.4312454171886653
-4.97757714110811 -1.4832976094075752
1.2589023455691561 -4.270258162186073
-2.6841617304200325 -1.0076248235481637
-0.16951625062403647 -1.9107331179531115
5.418776203074575 -0.5495025749784356
-0.3180515599756952 -5.31876455843528
4.7485701028044724 -4.124649530376773
3.5601824419415222 -2.2163205158578894
-2.5916016169351166 -11.72837396581841
-6.515724956321169 2.1108673742624777
4.638975770554585 4.741447891084683
