0.3492822966507254 1.798908244587949e-14
0.7129186602870851 7.716050021144838e-15
0.808612440191414 1.7819079545233762e-14
0.8181818181818165 2.4917568008930857e-14
0.7846889952153216 1.3777173846207802e-14
0.7607655502392325 2.4855117963795692e-14
0.8086124401913617 7.716050021144838e-15
0.8038277511961749 8.534839501805891e-16
0.712918660287082 1.5678430775878383e-14
0.7655502392344521 1.2493478473984965e-14
0.7320574162679307 4.7531423241764514e-15
0.7559808612440284 1.9224205560774976e-14
0.6746411483253361 2.0469737016526324e-15
0.5598086124401936 -7.639722188201858e-15
0.42583732057417345 1.082814393704723e-14
0.4066985645933044 1.95364557864508e-14
0.45933014354067586 1.0994677390741003e-14
0.478468899521531 2.5760643618255585e-14
0.4497607655502122 2.6038199374411874e-14
0.4162679425837082 2.26554885962571e-15
0.4497607655502267 -6.647460359943125e-15
0.5023923444976047 1.0082212842377203e-14
0.5311004784688764 6.522560269672795e-15
0.5550239234449776 3.70536934468646e-15
0.5071770334928067 -4.98212582300539e-15
0.48803827751195555 1.1178558079194545e-14
0.5119617224880323 3.400058012914542e-15
0.5071770334928093 1.61259894326804e-14
0.5358851674641003 6.800116025829084e-15
0.5789473684210246 8.340550472496489e-15
0.5311004784688748 -1.3523904218715188e-14
0.545454545454531 -1.529332216421153e-14
0.5358851674641106 -1.0456913113188193e-14
0.526315789473678 -4.253541963095131e-15
0.5119617224880394 -1.448494102440634e-14
0.5023923444976046 5.55805401702969e-15
0.42105263157893325 -9.079542673262608e-15
0.4497607655502308 -8.975459264704e-15
0.4832535885167632 -4.926614671774132e-15
0.5693779904306172 2.6392082963511143e-14
0.5454545454545183 -7.979727989493313e-17
0.5119617224880323 -1.6198847818671425e-14
0.47368421052630877 7.834011217511261e-15
0.48803827751194234 -2.451858160945619e-14
0.5215311004784778 -5.811323644522304e-15
0.5837320574162608 4.85722573273506e-17
0.5454545454545346 1.556046957951196e-14
0.5358851674640874 -1.2660011927678738e-14
0.4976076555023769 -9.867107131356079e-15
0.5119617224880091 -1.355512924128277e-14
0.5167464114832496 -2.7672308888782027e-14
0.5502392344497699 -2.6020852139652106e-14
0.5071770334928142 -1.3905543383430086e-14
0.4354066985645977 -2.761679773755077e-14
0.40191387559811126 -1.7232743010353602e-14
0.4736842105263209 8.902600878712974e-15
0.5071770334928362 -2.4528989950312052e-15
0.4832535885167471 3.164829509572087e-14
0.41626794258370686 -6.241535066564552e-15
0.35885167464112655 -7.330941409477987e-15
0.4258373205741502 -2.0258100752457153e-14
0.5023923444976054 -1.951563910473908e-14
0.45454545454544765 -6.683889552938638e-15
0.40191387559807934 -1.734723475976807e-14
0.44497607655501714 -1.0373646386341306e-14
0.47846889952153027 -2.757863382107928e-14
0.4354066985645979 -3.1058489113888754e-14
0.4019138755981054 -1.1329479021604527e-14
0.4210526315789631 -3.0678584672649833e-14
0.4210526315789667 1.107794411758789e-14
0.4162679425837301 -1.1435297153639112e-14
0.40191387559809844 -9.587816651723813e-15
0.43540669856460207 5.159934979293013e-15
0.4354066985645996 1.826663820203578e-15
0.41626794258371014 -7.145759678417463e-15
0.43062200956938607 -3.2805789335066393e-14
0.3684210526315908 -9.395262345890387e-15
0.36842105263158464 -1.974082789596432e-14
0.3779904306220244 -8.283794182832767e-15
0.38277511961724864 -1.5976911633963642e-14
0.4497607655502678 -1.049225810401122e-14
0.5023923444976277 1.2925858300372184e-14
0.5789473684210669 -1.4178328650027439e-14
0.7320574162679595 -4.850286838831153e-15
0.7846889952153334 3.833738881908744e-15
0.8468899521531158 1.2553326433906165e-14
0.9234449760765773 -3.566591466608315e-15
0.9808612440191595 1.7758364223574574e-14
0.7272727272727387 1.330012489031418e-14
0.44019138755983034 1.5386997231914279e-15
0.4162679425837415 -8.057790545912269e-15
0.42105263157897466 1.7144272113078785e-14
0.41148325358852383 1.570098218106608e-14
0.4641148325358933 4.638650574761982e-15
0.4736842105263194 3.5398767250782726e-14
0.4976076555023703 1.820592288037659e-14
0.4736842105263269 -1.3773704399255848e-14
0.4497607655502533 1.8235413179468196e-14
0.4545454545454411 1.4363510381087963e-14
0.43062200956936836 1.3815337762679292e-14
0.42583732057414325 6.5329686105286555e-15
0.4401913875597964 -2.2967738821932926e-14
0.41626794258374056 -4.5727310826748635e-15
0.42105263157895734 -1.915134717478395e-15
0.425837320574157 -1.0619977119930013e-14
0.4258373205741704 -1.0814266149239415e-14
0.4210526315789445 1.5775575290533084e-14
0.40669856459329984 -1.2899403767363538e-14
0.40191387559811204 -6.869504964868156e-16
0.40191387559809966 1.3974932322469158e-14
0.406698564593319 2.084096784038536e-14
0.38277511961721367 1.88633830777718e-14
0.3732057416267706 1.668457039194493e-14
0.39234449760762447 -1.1900203045200897e-15
0.39234449760764145 -1.9415025143132425e-14
0.3971291866028801 -1.8214596497756474e-14
0.38277511961722016 -1.1449174941446927e-16
0.39234449760767004 -1.0182826803983858e-14
0.3875598086124519 -2.7200464103316335e-15
0.3636363636363746 3.1155633628543455e-15
0.41626794258371846 -8.021361352916756e-15
0.38277511961723054 -1.8915424782051105e-14
0.392344497607657 -5.3464177529605195e-15
0.38755980861246336 -1.0384054727197167e-14
0.3875598086124522 1.960237527853792e-15
0.40191387559808983 1.0144662887512368e-14
0.3923444976076521 -2.636779683484747e-16
0.4306220095693901 -2.028238688112083e-14
0.37320574162680953 7.695233339433116e-15
0.39234449760765955 2.423061751244404e-14
0.4162679425837358 -9.159339953157541e-15
0.40191387559808833 -1.5265566588595902e-16
0.38277511961722466 1.4939438575112263e-14
0.37799043062201604 8.472389456670726e-15
0.38755980861244327 1.0227929614359255e-14
0.36363636363635055 -7.840950111415168e-16
0.3779904306220103 -1.8318679906315083e-15
0.3397129186602939 4.891920202254596e-16
0.34928229665070953 1.0536710393083126e-14
0.29186602870813955 -5.665606872540252e-15
0.30622009569378955 2.327998904760875e-15
0.31100478468900183 -2.017830347256222e-14
0.7177033492823082 1.4491879918310246e-14
0.7177033492822948 1.9012569296705806e-15
0.7177033492823192 -6.106226635438361e-16
0.7177033492823026 2.2915697117653622e-14
0.7177033492823183 -5.8321403262340255e-15
0.7177033492823149 1.621272560647924e-14
0.7177033492823066 2.187833247901949e-14
0.7177033492822876 2.0823620605625592e-14
0.7177033492822866 4.520689378395559e-15
0.7177033492823025 -2.8449465006019636e-15
0.7177033492823067 2.005340338229189e-15
0.7177033492823114 7.93809462606987e-15
0.7177033492822946 1.584843367652411e-14
0.7177033492823226 8.222589276130066e-16
0.7177033492822975 2.6527391394637334e-14
0.7177033492823138 1.427330476033717e-14
0.7177033492822956 2.875824578474351e-14
0.7177033492822988 9.423017921506016e-15
0.7177033492822907 1.9571150255970338e-14
0.7177033492822998 2.1375262670986217e-14
0.7177033492823053 2.858824288409778e-14
0.7177033492822854 3.613082055764494e-14
0.7177033492822857 2.0771578901346288e-14
0.7177033492822826 2.4848179069891785e-14
0.7177033492822901 1.9121856875692345e-14
0.7177033492822994 2.595319792408901e-14
0.7177033492822532 4.062375436042487e-14
0.7177033492822665 4.8433479449272454e-15
0.7177033492822588 -3.7470027081099033e-16
0.7177033492822597 -9.501080477924972e-15
0.7177033492822829 -2.0469737016526324e-15
0.7177033492822802 -1.700029006457271e-15
0.7177033492822718 1.3197776205231548e-14
0.7177033492822611 1.1836885638327743e-14
0.7177033492822716 -1.0001548200744281e-14
0.7177033492822782 6.81833062232684e-15
0.7177033492822764 -3.5449074231586053e-15
0.7177033492822658 1.5534448727372308e-15
0.7177033492822742 -3.8653975853453204e-15
0.717703349282267 -2.3842906815563225e-14
0.7177033492822982 -6.90924097448975e-15
0.4976076555023629 3.715289794564702e-15
0.4832535885167153 -9.59475554562772e-15
0.4449760765549967 -1.122452825130793e-14
0.41626794258371846 -2.611626193083083e-14
0.38277511961720456 -6.054184931159057e-15
0.354066985645893 -2.187399567032955e-14
0.35406698564590244 -2.9226621123257246e-14
0.2966507177033325 -5.684602094602198e-14
0.325358851674623 -4.4129630505373996e-14
0.3540669856459603 -3.3813229993739924e-14
0.35885167464115864 -2.7294139171019083e-14
0.34449760765551857 -3.313148366768104e-14
0.3636363636363777 -1.861878706765907e-14
0.37799043062200877 8.128914208427318e-15
0.39712918660288693 -2.955101441326491e-14
0.3923444976076702 -1.5910883721659275e-14
0.363636363636363 -3.430415673744136e-14
0.3732057416267971 -2.1239954239860026e-14
0.3684210526315915 -3.1107061371216105e-14
0.37799043062202087 -2.5580232376753997e-14
0.33971291866031333 -4.291705879566621e-15
0.37320574162685305 -2.500777362968165e-14
0.3636363636364147 1.6063539387545234e-14
0.33492822966508495 1.3395534681492904e-14
0.37799043062202625 -2.851885394505871e-15
0.3349282296651041 2.5396351688300456e-15
